args: []
kwargs:
   old_spacial_info: !python/named_tuple/SpacialInformation
      x: 21.448935975040907
      y: 9.656827754438055
      angle: 1.2753302889220217
      velocity: 2.24
      spin: 1.4000000000000001
      timestep: 3
   relative_velocity: 0.567
   relative_spin: 0.567
   action_duration: 0.06
   ep_poses:
   - !python/named_tuple/SpacialHistory
     x: 21.12207047965822
     y: 9.107539930102087
     angle: 0.8733302889220216
     velocity: 2.0
     spin: 1.25
     new_velocity: 2.0
     new_spin: 1.25
   - !python/named_tuple/SpacialHistory
     x: 21.399150916217806
     y: 9.53198862628514
     angle: 1.1913302889220216
     velocity: 2.24
     spin: 1.4000000000000001
     new_velocity: 2.24
     new_spin: 1.4000000000000001
pickled_args_and_kwargs: !python/pickled "tuple:\0\x04\x15\b\x01\0\0\r\0\0\0\0)}\x14@(\f\x10old_\x02spacial\0_info\x14\f`\fenvs.w\0arthog\x14@\f\x12Spaci\x01alInfor\0mation\x14@\x13\x14(G@5r\x03mwRLoG@\r#PK:8UH(G?tg@;(tK\x04G@\x01k\x05`\x1E8QlG?vJfffffgK\0\x03t\x14\x01\x14\f\x11<relativ\0e_veloc\0ity\x14G?bH$]/\x1A\x1F>\fr\rrelati\0ve_spin\0\x14G?b$]/)\x1A\x1F>\f\x0Fac\x0Etion_du\0ration\x14@G?.8Qk\x05l\x1E8\f\bep_\x06poses\x14] \x14(\f\x13env\x05s.warth\0og_simp\0le\x14\f\x0ESp\facialHi\0story\x14\x13`\x14(G@5\x1F@\x01\x02MphG@\"\x067\x0FyE\x1AmG0?krR\\0Wf\x10G@\0\0\0\0\x01\0\0\0G?t\0 \0\0\0\0\0G@\0\0\0\0\0\0\0\0\0G?t\0\0\0\0\x04\0\0t\x14\x01\x14h8\x0E(G@5f.\0A#RlG@#\t\x10`P/z/G\x04?s\x0F0YZx\n\x12G@\x01k\x05\x1E08QlG?vf%ffffgG@\0\x01k\x05\x1E8QlVG?vffff\x04fgt\x14\x01\x14e8u\x06\x14.\0\0\0\x06\x03"
...
