error_output: None
traceback: ''
normal_output: !python/named_tuple/SimWarthogOutput
   twist: !python/named_tuple/TwistEntry
      velocity: 4.0
      spin: 2.5
      unknown: null
   prev_angle: 1.3233302889220213
   pose: !python/named_tuple/PoseEntry
      x: 21.545722181139006
      y: 9.955912311883019
      angle: 1.4733302889220212
   ep_poses:
   - !python/named_tuple/SpacialHistory
     x: 21.12207047965822
     y: 9.107539930102087
     angle: 0.8733302889220216
     velocity: 2.0
     spin: 1.25
     new_velocity: 2.0
     new_spin: 1.25
   - !python/named_tuple/SpacialHistory
     x: 21.486934665887333
     y: 9.723223618452216
     angle: 1.3233302889220213
     velocity: 4.0
     spin: 2.5
     new_velocity: 4.0
     new_spin: 2.5
   absolute_action: !python/named_tuple/Action
      velocity: !<python/numpy/float64> 4.0
      spin: !<python/numpy/float64> 2.5
...
