error_output: None
traceback: ''
normal_output: !python/named_tuple/SpacialInformation
   x: 109.10803208311037
   y: 0.18915391599237463
   angle: 0.3662499999999999
   velocity: 4
   spin: 2.5
   timestep: 3
...
