error_output: None
traceback: ''
normal_output: !python/named_tuple/SpacialInformation
   x: 108.72820271212453
   y: 0.10854277937034174
   angle: 0.1225
   velocity: 4
   spin: 2.5
   timestep: 2
...
