error_output: None
traceback: ''
normal_output: !python/named_tuple/SpacialInformation
   x: 109.56946098534648
   y: 0.43538091023824343
   angle: 0.6955
   velocity: 4
   spin: 2.5
   timestep: 4
...
